
using 2D;

line ([99.7258, 200.274], [79.3744, 220.626]) {
  interpolate ([0, 0, 0], [0, 0, 0]);
};
line ([140.843, 200.274], [137.136, 220.626]) {
  interpolate ([0.00411678, 0.00091484, 0.00411678], [0.00139512, 0.00139512, 0.00465039]);
};
line ([99.7258, 200.274], [140.843, 200.274]) {
  interpolate ([0, 0, 0], [0.00411678, 0.00091484, 0.00411678]);
};
line ([79.3744, 220.626], [79.3744, 162.864]) {
  interpolate ([0, 0, 0], [0, 0, 0]);
};
line ([137.136, 220.626], [137.136, 162.864]) {
  interpolate ([0.00139512, 0.00139512, 0.00465039], [0.00138245, 0.00138245, 0.00460817]);
};
line ([79.3744, 220.626], [137.136, 220.626]) {
  interpolate ([0, 0, 0], [0.00139512, 0.00139512, 0.00465039]);
};
line ([79.3744, 162.864], [99.7258, 159.157]) {
  interpolate ([0, 0, 0], [0, 0, 0]);
};
line ([137.136, 162.864], [140.843, 159.157]) {
  interpolate ([0.00138245, 0.00138245, 0.00460817], [0.004083, 0.000907998, 0.004083]);
};
line ([79.3744, 162.864], [137.136, 162.864]) {
  interpolate ([0, 0, 0], [0.00138245, 0.00138245, 0.00460817]);
};
line ([99.7258, 159.157], [99.7258, 200.274]) {
  interpolate ([0, 0, 0], [0, 0, 0]);
};
line ([140.843, 159.157], [140.843, 200.274]) {
  interpolate ([0.004083, 0.000907998, 0.004083], [0.00411678, 0.00091484, 0.00411678]);
};
line ([99.7258, 159.157], [140.843, 159.157]) {
  interpolate ([0, 0, 0], [0.004083, 0.000907998, 0.004083]);
};
line ([153.596, 200.346], [155.035, 220.484]) {
  interpolate ([0.00161457, 0.000358793, 0.00161457], [0.000547065, 0.000547065, 0.00182355]);
};
line ([194.772, 200.346], [212.681, 220.484]) {
  interpolate ([0, 0, 0], [0, 0, 0]);
};
line ([153.596, 200.346], [194.772, 200.346]) {
  interpolate ([0.00161457, 0.000358793, 0.00161457], [0, 0, 0]);
};
line ([155.035, 220.484], [155.035, 162.838]) {
  interpolate ([0.000547065, 0.000547065, 0.00182355], [0.000542098, 0.000542098, 0.00180699]);
};
line ([212.681, 220.484], [212.681, 162.838]) {
  interpolate ([0, 0, 0], [0, 0, 0]);
};
line ([155.035, 220.484], [212.681, 220.484]) {
  interpolate ([0.000547065, 0.000547065, 0.00182355], [0, 0, 0]);
};
line ([155.035, 162.838], [153.596, 159.17]) {
  interpolate ([0.000542098, 0.000542098, 0.00180699], [0.00161098, 0.000360942, 0.00161098]);
};
line ([212.681, 162.838], [194.772, 159.17]) {
  interpolate ([0, 0, 0], [0, 0, 0]);
};
line ([155.035, 162.838], [212.681, 162.838]) {
  interpolate ([0.000542098, 0.000542098, 0.00180699], [0, 0, 0]);
};
line ([153.596, 159.17], [153.596, 200.346]) {
  interpolate ([0.00161098, 0.000360942, 0.00161098], [0.00161457, 0.000358793, 0.00161457]);
};
line ([194.772, 159.17], [194.772, 200.346]) {
  interpolate ([0, 0, 0], [0, 0, 0]);
};
line ([153.596, 159.17], [194.772, 159.17]) {
  interpolate ([0.00161098, 0.000360942, 0.00161098], [0, 0, 0]);
};
line ([106.908, 146.409], [89.4638, 144.955]) {
  interpolate ([0, 0, 0], [0, 0, 0]);
};
line ([127.466, 146.409], [118.345, 144.955]) {
  interpolate ([0.0100293, 0.00223329, 0.0100293], [0.00339194, 0.00339194, 0.0113065]);
};
line ([106.908, 146.409], [127.466, 146.409]) {
  interpolate ([0, 0, 0], [0.0100293, 0.00223329, 0.0100293]);
};
line ([89.4638, 144.955], [89.4638, 87.1936]) {
  interpolate ([0, 0, 0], [0, 0, 0]);
};
line ([118.345, 144.955], [118.345, 87.1936]) {
  interpolate ([0.00339194, 0.00339194, 0.0113065], [0.00336003, 0.00336003, 0.0112001]);
};
line ([89.4638, 144.955], [118.345, 144.955]) {
  interpolate ([0, 0, 0], [0.00339194, 0.00339194, 0.0113065]);
};
line ([89.4638, 87.1936], [106.908, 105.292]) {
  interpolate ([0, 0, 0], [0, 0, 0]);
};
line ([118.345, 87.1936], [127.466, 105.292]) {
  interpolate ([0.00336003, 0.00336003, 0.0112001], [0.0101265, 0.00230722, 0.0101265]);
};
line ([89.4638, 87.1936], [118.345, 87.1936]) {
  interpolate ([0, 0, 0], [0.00336003, 0.00336003, 0.0112001]);
};
line ([106.908, 105.292], [106.908, 146.409]) {
  interpolate ([0, 0, 0], [0, 0, 0]);
};
line ([127.466, 105.292], [127.466, 146.409]) {
  interpolate ([0.0101265, 0.00230722, 0.0101265], [0.0100293, 0.00223329, 0.0100293]);
};
line ([106.908, 105.292], [127.466, 105.292]) {
  interpolate ([0, 0, 0], [0.0101265, 0.00230722, 0.0101265]);
};
line ([137.775, 133.618], [159.963, 112.071]) {
  interpolate ([0.0428102, 0.0103285, 0.0428102], [0.0134303, 0.0134303, 0.0447678]);
};
line ([171.023, 155.373], [200.029, 142.858]) {
  interpolate ([0, 0, 0], [0, 0, 0]);
};
line ([137.775, 133.618], [171.023, 155.373]) {
  interpolate ([0.0428102, 0.0103285, 0.0428102], [0, 0, 0]);
};
line ([159.963, 112.071], [172.833, 81.0433]) {
  interpolate ([0.0134303, 0.0134303, 0.0447678], [0.0132066, 0.0132066, 0.0440222]);
};
line ([200.029, 142.858], [204.692, 109.823]) {
  interpolate ([0, 0, 0], [0, 0, 0]);
};
line ([159.963, 112.071], [200.029, 142.858]) {
  interpolate ([0.0134303, 0.0134303, 0.0447678], [0, 0, 0]);
};
line ([172.833, 81.0433], [151.267, 105.905]) {
  interpolate ([0.0132066, 0.0132066, 0.0440222], [0.071769, 0.0249887, 0.071769]);
};
line ([204.692, 109.823], [178.785, 127.007]) {
  interpolate ([0, 0, 0], [0, 0, 0]);
};
line ([172.833, 81.0433], [204.692, 109.823]) {
  interpolate ([0.0132066, 0.0132066, 0.0440222], [0, 0, 0]);
};
line ([151.267, 105.905], [137.775, 133.618]) {
  interpolate ([0.071769, 0.0249887, 0.071769], [0.0428102, 0.0103285, 0.0428102]);
};
line ([178.785, 127.007], [171.023, 155.373]) {
  interpolate ([0, 0, 0], [0, 0, 0]);
};
line ([151.267, 105.905], [178.785, 127.007]) {
  interpolate ([0.071769, 0.0249887, 0.071769], [0, 0, 0]);
};
camera {
  on;
  background [0.5, 0.5, 0.5];
  window ([0, 0], [300, 300]);
  resolution (300, 300);
};
